map1.txt
SPAWNPOINT
377.988800 622.004150
ENVIRONMENT
sprites/dirt.png 229.000000 759.000000 4.999878 -600.992920
sprites/dirt_top.png 548.000000 105.000000 234.001495 -120.001373
sprites/dirt.png 226.000000 271.000000 6.999878 156.001770
sprites/dirt.png 224.000000 550.000000 8.999832 421.009033
sprites/dirt_top.png 1119.000000 224.000000 233.001495 746.997803
sprites/dirt.png 271.000000 805.000000 1351.046143 164.001831
sprites/dirt.png 268.000000 611.000000 1352.046143 -435.994629
sprites/dirt.png 265.000000 177.000000 1354.046143 -602.992859
sprites/dirt.png 1158.000000 225.000000 231.001495 -600.992920
sprites/dirt_top.png 518.000000 126.000000 840.987183 137.001709
sprites/dirt_top.png 413.000000 129.000000 233.001495 365.007263
ENEMIES
1125.995850 626.926514
367.477051 244.104675
1122.604248 15.591553
DOORS
flat.txt sprites/door1.png 89.000000 142.000000 333.000000 -261.000000
BOUNDARY
BACKGROUND
sprites/bg_mountains.png