maps/basementfromkitchen
SPAWNPOINT
346.000000 290.000000
ENVIRONMENT
sprites/environment/floor2.png 838.000000 56.000000 181.000000 436.000000
sprites/environment/floor2.png 103.000000 632.000000 169.000000 118.000000
sprites/environment/floor2.png 1174.000000 67.000000 212.000000 118.000000
sprites/environment/floor2.png 66.000000 601.000000 1320.000000 175.000000
sprites/environment/floor2.png 859.000000 63.000000 859.000000 722.000000
sprites/environment/floor2.png 5.000000 0.000000 927.000000 754.000000
sprites/environment/floor2.png 344.000000 53.000000 170.000000 712.000000
sprites/environment/floor2.png 86.000000 738.000000 428.000000 743.000000
sprites/environment/floor2.png 63.000000 727.000000 863.000000 963.000000
sprites/environment/floor2.png 372.000000 51.000000 497.000000 1427.000000
sprites/environment/floor2.png 1058.000000 74.000000 889.000000 964.000000
sprites/environment/floor2.png 58.000000 754.000000 1889.000000 269.000000
sprites/environment/floor2.png 61.000000 259.000000 1653.000000 300.000000
sprites/environment/floor2.png 294.000000 36.000000 1653.000000 268.000000
sprites/environment/floor2.png 270.000000 67.000000 1883.000000 971.000000
sprites/environment/floor2.png 54.000000 787.000000 2099.000000 210.000000
sprites/environment/floor2.png 55.000000 123.000000 2099.000000 118.000000
sprites/environment/floor2.png 833.000000 90.000000 1322.000000 35.000000
sprites/environment/floor2.png 103.000000 46.000000 1377.000000 483.000000
ENEMIES
960.000000 588.000000
DOORS
stairwell sprites/doors/door1.png 78.000000 134.000000 1982.000000 837.000000
kitchenfrombasement sprites/doors/door1.png 77.000000 134.000000 338.000000 300.000000
BOUNDARY
BACKGROUND
sprites/backgrounds/basement.png
true