maps/basementfromstairwell
SPAWNPOINT
782.000000 430.000000
ENVIRONMENT
sprites/environment/floor2.png 838.000000 56.000000 -1019.000000 36.000000
sprites/environment/floor2.png 103.000000 632.000000 -1031.000000 -282.000000
sprites/environment/floor2.png 1174.000000 67.000000 -988.000000 -282.000000
sprites/environment/floor2.png 66.000000 601.000000 120.000000 -225.000000
sprites/environment/floor2.png 859.000000 63.000000 -341.000000 322.000000
sprites/environment/floor2.png 5.000000 0.000000 -273.000000 354.000000
sprites/environment/floor2.png 344.000000 53.000000 -1030.000000 312.000000
sprites/environment/floor2.png 86.000000 738.000000 -772.000000 343.000000
sprites/environment/floor2.png 63.000000 727.000000 -337.000000 563.000000
sprites/environment/floor2.png 372.000000 51.000000 -703.000000 1027.000000
sprites/environment/floor2.png 1058.000000 74.000000 -311.000000 564.000000
sprites/environment/floor2.png 58.000000 754.000000 689.000000 -131.000000
sprites/environment/floor2.png 61.000000 259.000000 453.000000 -100.000000
sprites/environment/floor2.png 294.000000 36.000000 453.000000 -132.000000
sprites/environment/floor2.png 270.000000 67.000000 683.000000 571.000000
sprites/environment/floor2.png 54.000000 787.000000 899.000000 -190.000000
sprites/environment/floor2.png 55.000000 123.000000 899.000000 -282.000000
sprites/environment/floor2.png 833.000000 90.000000 122.000000 -365.000000
sprites/environment/floor2.png 103.000000 46.000000 177.000000 83.000000
ENEMIES
-240.000000 188.000000
DOORS
stairwell sprites/doors/door1.png 78.000000 134.000000 782.000000 437.000000
kitchenfrombasement sprites/doors/door1.png 77.000000 134.000000 -862.000000 -100.000000
BOUNDARY
BACKGROUND
sprites/backgrounds/basement.png
true