maps/bathroomfrombedroom
SPAWNPOINT
392.000000 274.000000
ENVIRONMENT
sprites/environment/floor2.png 457.000000 77.000000 271.000000 410.000000
sprites/environment/floor2.png 87.000000 260.000000 641.000000 466.000000
sprites/environment/floor2.png 268.000000 86.000000 641.000000 671.000000
sprites/environment/floor2.png 72.000000 225.000000 837.000000 730.000000
sprites/environment/floor2.png 88.000000 437.000000 1025.000000 671.000000
sprites/environment/floor2.png 455.000000 86.000000 657.000000 1082.000000
sprites/environment/floor2.png 79.000000 202.000000 656.000000 920.000000
sprites/environment/floor2.png 447.000000 75.000000 266.000000 920.000000
sprites/environment/floor2.png 115.000000 501.000000 267.000000 460.000000
sprites/environment/floor2.png 148.000000 46.000000 522.000000 711.000000
sprites/environment/floor2.png 79.000000 384.000000 267.000000 80.000000
sprites/environment/floor2.png 318.000000 56.000000 1033.000000 671.000000
sprites/environment/floor2.png 75.000000 288.000000 1276.000000 418.000000
sprites/environment/floor2.png 357.000000 84.000000 1276.000000 408.000000
sprites/environment/floor2.png 1359.000000 72.000000 276.000000 80.000000
sprites/environment/floor2.png 92.000000 330.000000 1544.000000 120.000000
ENEMIES
1458.000000 277.000000
DOORS
kitchenfrombathroom sprites/doors/door1.png 86.000000 150.000000 540.000000 560.000000
bathroomfrombedroom sprites/doors/door1.png 80.000000 129.000000 392.000000 280.000000
BOUNDARY
BACKGROUND
sprites/backgrounds/bathroom.png
true