maps/goinghome1
SPAWNPOINT
853.000000 512.000000
ENVIRONMENT
sprites/environment/dirt_top.png 1396.000000 131.000000 -91.000000 636.000000
sprites/environment/dirt.png 123.000000 733.000000 -324.000000 34.000000
sprites/environment/dirt_top.png 455.000000 79.000000 272.000000 327.000000
sprites/environment/dirt_top.png 371.000000 74.000000 766.000000 57.000000
sprites/environment/dirt_top.png 344.000000 79.000000 62.000000 -82.000000
sprites/environment/dirt.png 446.000000 92.000000 -674.000000 35.000000
sprites/environment/dirt.png 127.000000 212.000000 -675.000000 -134.000000
sprites/environment/dirt_top.png 217.000000 95.000000 -414.000000 -217.000000
sprites/environment/dirt.png 94.000000 267.000000 -295.000000 -179.000000
sprites/environment/dirt_top.png 513.000000 120.000000 -1062.000000 -223.000000
sprites/environment/dirt.png 192.000000 733.000000 1112.000000 -286.000000
sprites/environment/dirt.png 190.000000 583.000000 1114.000000 -534.000000
sprites/environment/dirt.png 204.000000 609.000000 1302.000000 157.000000
sprites/environment/dirt.png 430.000000 142.000000 -209.000000 -494.000000
sprites/environment/dirt_top.png 128.000000 639.000000 -204.000000 130.000000
sprites/environment/dirt.png 71.000000 300.000000 657.000000 385.000000
sprites/environment/dirt.png 145.000000 792.000000 -1513.000000 -366.000000
sprites/environment/dirt.png 144.000000 396.000000 -1512.000000 -739.000000
sprites/environment/dirt_top.png 733.000000 98.000000 -1056.000000 528.000000
sprites/environment/dirt.png 70.000000 496.000000 -1055.000000 151.000000
sprites/environment/dirt.png 143.000000 258.000000 -1510.000000 421.000000
sprites/environment/dirt.png 509.000000 99.000000 -1490.000000 580.000000
sprites/environment/dirt_top.png 239.000000 93.000000 -1054.000000 110.000000
ENEMIES
1203.000000 515.000000
-381.000000 -98.000000
-972.000000 399.000000
DOORS
goinghome2 sprites/doors/door1.png 90.000000 146.000000 -446.000000 384.000000
BOUNDARY
BACKGROUND
sprites/backgrounds/rushrhees.png