maps/hoyt1
SPAWNPOINT
401.999512 517.985229
ENVIRONMENT
sprites/environment/floor2.png 1458.000000 95.000000 13.995300 644.985596
sprites/environment/floor2.png 57.000000 627.000000 13.995300 21.978638
sprites/environment/floor2.png 154.000000 131.000000 707.996094 531.985291
sprites/environment/floor2.png 257.000000 284.000000 1214.997192 388.982666
sprites/environment/floor2.png 88.000000 755.000000 1832.028564 1.978516
sprites/environment/floor2.png 87.000000 367.000000 1833.028564 755.985657
sprites/environment/floor2.png 86.000000 251.000000 1834.028564 1044.979736
sprites/environment/floor2.png 1500.000000 143.000000 64.996094 25.978638
sprites/environment/floor2.png 512.000000 163.000000 1408.010010 6.978516
sprites/environment/floor2.png 793.000000 90.000000 1126.992676 1207.958862
sprites/environment/floor2.png 0.000000 1.000000 1495.014404 1017.984253
sprites/environment/floor2.png 375.000000 52.000000 1459.012451 990.985596
sprites/environment/floor2.png 168.000000 809.000000 1026.992676 991.985596
sprites/environment/floor2.png 446.000000 88.000000 612.997253 1409.952271
sprites/environment/floor2.png 157.000000 815.000000 512.999512 989.985596
sprites/environment/floor2.png 156.000000 44.000000 967.994019 992.002197
sprites/environment/floor2.png 142.000000 798.000000 14.000000 707.000000
sprites/environment/floor2.png 142.000000 555.000000 14.000000 1473.000000
sprites/environment/floor2.png 1096.000000 154.000000 15.000000 2009.000000
sprites/environment/floor2.png 168.000000 375.000000 1027.000000 1788.000000
sprites/environment/floor2.png 220.000000 80.000000 135.000000 1157.000000
sprites/environment/floor2.png 250.000000 93.000000 274.000000 1415.000000
sprites/environment/floor2.png 181.000000 80.000000 141.000000 1744.000000
sprites/environment/floor2.png 250.000000 68.000000 594.000000 1734.000000
ENEMIES
88.210388 513.129395
1716.674805 1087.178345
164.000000 1881.000000
DOORS
hoyt2 sprites/doors/hoytdoor.png 146.000000 146.000000 671.000000 1587.000000
BOUNDARY
BACKGROUND
sprites/backgrounds/hoyt.png