maps/hoyt2
SPAWNPOINT
597.000000 472.000000
ENVIRONMENT
sprites/environment/floor2.png 128.000000 588.000000 145.000000 89.000000
sprites/environment/floor2.png 1407.000000 81.000000 227.000000 597.000000
sprites/environment/floor2.png 113.000000 323.000000 809.000000 277.000000
sprites/environment/floor2.png 97.000000 330.000000 1151.000000 278.000000
sprites/environment/floor2.png 147.000000 824.000000 1487.000000 -216.000000
sprites/environment/floor2.png 1353.000000 124.000000 281.000000 -311.000000
sprites/environment/floor2.png 112.000000 96.000000 1399.000000 252.000000
sprites/environment/floor2.png 521.000000 121.000000 -213.000000 -308.000000
sprites/environment/floor2.png 109.000000 708.000000 -213.000000 -247.000000
sprites/environment/floor2.png 813.000000 59.000000 439.000000 93.000000
sprites/environment/floor2.png 328.000000 200.000000 201.000000 -246.000000
sprites/environment/floor2.png 109.000000 772.000000 -213.000000 453.000000
sprites/environment/floor2.png 281.000000 93.000000 -141.000000 905.000000
sprites/environment/floor2.png 139.000000 89.000000 453.000000 903.000000
sprites/environment/floor2.png 172.000000 85.000000 853.000000 909.000000
sprites/environment/floor2.png 121.000000 79.000000 1368.000000 918.000000
sprites/environment/floor2.png 109.000000 267.000000 -213.000000 1198.000000
sprites/environment/floor2.png 1436.000000 77.000000 -125.000000 1388.000000
sprites/environment/floor2.png 184.000000 80.000000 1292.000000 1388.000000
sprites/environment/floor2.png 79.000000 743.000000 1474.000000 725.000000
sprites/environment/floor2.png 78.000000 110.000000 1475.000000 621.000000
ENEMIES
332.000000 468.000000
107.000000 1222.000000
834.000000 1260.000000
1373.000000 1242.000000
DOORS
lobby sprites/doors/hoytdoor.png 105.000000 142.000000 1369.000000 780.000000
BOUNDARY
BACKGROUND
sprites/backgrounds/hoyt.png
false
