maps/kitchenfrombasement
SPAWNPOINT
628.000000 280.000000
ENVIRONMENT
sprites/environment/floor2.png 763.000000 70.000000 -415.000000 812.000000
sprites/environment/floor2.png 82.000000 385.000000 -415.000000 431.000000
sprites/environment/floor2.png 63.000000 260.000000 -415.000000 871.000000
sprites/environment/floor2.png 1290.000000 107.000000 -415.000000 1121.000000
sprites/environment/floor2.png 1059.000000 66.000000 -353.000000 431.000000
sprites/environment/floor2.png 66.000000 506.000000 641.000000 476.000000
sprites/environment/floor2.png 789.000000 112.000000 766.000000 1121.000000
sprites/environment/floor2.png 71.000000 569.000000 1484.000000 606.000000
sprites/environment/floor2.png 601.000000 54.000000 665.000000 928.000000
sprites/environment/floor2.png 544.000000 51.000000 1000.000000 606.000000
sprites/environment/floor2.png 63.000000 219.000000 540.000000 231.000000
sprites/environment/floor2.png 746.000000 67.000000 542.000000 195.000000
sprites/environment/floor2.png 58.000000 429.000000 1230.000000 204.000000
sprites/environment/floor2.png 123.000000 58.000000 694.000000 685.000000
ENEMIES
755.000000 799.000000
945.000000 991.000000
DOORS
livingroomfromkitchen sprites/doors/door1.png 73.000000 143.000000 -137.000000 668.000000
bathroomfromkitchen sprites/doors/door1.png 69.000000 119.000000 1350.000000 1004.000000
basementfromkitchen sprites/doors/door1.png 84.000000 142.000000 622.000000 290.000000
BOUNDARY
BACKGROUND
sprites/backgrounds/kitchen.png
true