maps/kitchenfromlivingroom
SPAWNPOINT
489.000000 334.000000
ENVIRONMENT
sprites/environment/floor2.png 763.000000 70.000000 185.000000 512.000000
sprites/environment/floor2.png 82.000000 385.000000 185.000000 131.000000
sprites/environment/floor2.png 63.000000 260.000000 185.000000 571.000000
sprites/environment/floor2.png 1290.000000 107.000000 185.000000 821.000000
sprites/environment/floor2.png 1059.000000 66.000000 247.000000 131.000000
sprites/environment/floor2.png 66.000000 506.000000 1241.000000 176.000000
sprites/environment/floor2.png 789.000000 112.000000 1366.000000 821.000000
sprites/environment/floor2.png 71.000000 569.000000 2084.000000 306.000000
sprites/environment/floor2.png 601.000000 54.000000 1265.000000 628.000000
sprites/environment/floor2.png 544.000000 51.000000 1600.000000 306.000000
sprites/environment/floor2.png 63.000000 219.000000 1140.000000 -69.000000
sprites/environment/floor2.png 746.000000 67.000000 1142.000000 -105.000000
sprites/environment/floor2.png 58.000000 429.000000 1830.000000 -96.000000
sprites/environment/floor2.png 123.000000 58.000000 1294.000000 385.000000
ENEMIES
1355.000000 499.000000
1545.000000 691.000000
DOORS
livingroomfromkitchen sprites/doors/door1.png 73.000000 143.000000 463.000000 368.000000
bathroomfromkitchen sprites/doors/door1.png 69.000000 119.000000 1950.000000 704.000000
basementfromkitchen sprites/doors/door1.png 84.000000 142.000000 1222.000000 -10.000000
BOUNDARY
BACKGROUND
sprites/backgrounds/kitchen.png
true