maps/lab1_d0
SPAWNPOINT
692.000000 288.000000
ENVIRONMENT
sprites/environment/floor1.png 1492.000000 76.000000 -428.000000 709.000000
sprites/environment/floor1.png 97.000000 429.000000 -428.000000 319.000000
sprites/environment/floor1.png 452.000000 71.000000 -60.000000 323.000000
sprites/environment/floor1.png 230.000000 80.000000 627.000000 440.000000
sprites/environment/floor1.png 83.000000 573.000000 1056.000000 606.000000
sprites/environment/floor1.png 184.000000 68.000000 1114.000000 842.000000
sprites/environment/floor1.png 84.000000 210.000000 152.000000 525.000000
sprites/environment/floor1.png 228.000000 99.000000 -428.000000 320.000000
sprites/environment/floor1.png 100.000000 299.000000 334.000000 95.000000
sprites/environment/floor1.png 57.000000 276.000000 -60.000000 85.000000
sprites/environment/floor1.png 309.000000 60.000000 635.000000 1033.000000
sprites/environment/floor1.png 83.000000 308.000000 636.000000 766.000000
sprites/environment/floor1.png 474.000000 61.000000 -45.000000 85.000000
sprites/environment/floor1.png 67.000000 211.000000 1269.000000 842.000000
sprites/environment/floor1.png 77.000000 275.000000 636.000000 1087.000000
sprites/environment/floor1.png 761.000000 53.000000 660.000000 1309.000000
sprites/environment/floor1.png 51.000000 277.000000 1370.000000 1052.000000
sprites/environment/floor1.png 210.000000 46.000000 1211.000000 1050.000000
sprites/environment/floor1.png 92.000000 479.000000 -428.000000 768.000000
sprites/environment/floor1.png 645.000000 58.000000 -387.000000 1189.000000
sprites/environment/floor1.png 89.000000 445.000000 -37.000000 771.000000
sprites/environment/floor1.png 216.000000 62.000000 -224.000000 957.000000
sprites/environment/floor1.png 59.000000 487.000000 250.000000 760.000000
ENEMIES
1191.000000 923.000000
-120.000000 1062.000000
DOORS
lab2 sprites/doors/door1.png 73.000000 126.000000 1253.000000 1183.000000
lab1_d0 sprites/doors/door1.png 70.000000 140.000000 21.000000 184.000000
lab1_trap sprites/doors/door1.png 71.000000 135.000000 142.000000 188.000000
lab1_d5 sprites/doors/door1.png 69.000000 136.000000 253.000000 188.000000
lab1_trap sprites/doors/door1.png 65.000000 126.000000 52.000000 1063.000000
lab1_d2 sprites/doors/door1.png 71.000000 122.000000 -108.000000 835.000000
lab1_d3 sprites/doors/door1.png 80.000000 127.000000 -337.000000 1063.000000
lab1_d4 sprites/doors/door1.png 66.000000 125.000000 738.000000 909.000000
lab1_d1 sprites/doors/door1.png 75.000000 151.000000 690.000000 289.000000
BOUNDARY
BACKGROUND
sprites/backgrounds/lab1.png