maps/lab1_d5
SPAWNPOINT
441.000000 279.000000
ENVIRONMENT
sprites/environment/floor1.png 1492.000000 76.000000 122.000000 159.000000
sprites/environment/floor1.png 97.000000 429.000000 122.000000 -231.000000
sprites/environment/floor1.png 452.000000 71.000000 490.000000 -227.000000
sprites/environment/floor1.png 230.000000 80.000000 1177.000000 -110.000000
sprites/environment/floor1.png 83.000000 573.000000 1606.000000 56.000000
sprites/environment/floor1.png 184.000000 68.000000 1664.000000 292.000000
sprites/environment/floor1.png 84.000000 210.000000 702.000000 -25.000000
sprites/environment/floor1.png 228.000000 99.000000 122.000000 -230.000000
sprites/environment/floor1.png 100.000000 299.000000 884.000000 -455.000000
sprites/environment/floor1.png 57.000000 276.000000 490.000000 -465.000000
sprites/environment/floor1.png 309.000000 60.000000 1185.000000 483.000000
sprites/environment/floor1.png 83.000000 308.000000 1186.000000 216.000000
sprites/environment/floor1.png 474.000000 61.000000 505.000000 -465.000000
sprites/environment/floor1.png 67.000000 211.000000 1819.000000 292.000000
sprites/environment/floor1.png 77.000000 275.000000 1186.000000 537.000000
sprites/environment/floor1.png 761.000000 53.000000 1210.000000 759.000000
sprites/environment/floor1.png 51.000000 277.000000 1920.000000 502.000000
sprites/environment/floor1.png 210.000000 46.000000 1761.000000 500.000000
sprites/environment/floor1.png 92.000000 479.000000 122.000000 218.000000
sprites/environment/floor1.png 645.000000 58.000000 163.000000 639.000000
sprites/environment/floor1.png 89.000000 445.000000 513.000000 221.000000
sprites/environment/floor1.png 216.000000 62.000000 326.000000 407.000000
sprites/environment/floor1.png 59.000000 487.000000 800.000000 210.000000
ENEMIES
1741.000000 373.000000
430.000000 512.000000
DOORS
lab2 sprites/doors/door1.png 73.000000 126.000000 1803.000000 633.000000
lab1_d0 sprites/doors/door1.png 70.000000 140.000000 571.000000 -366.000000
lab1_trap sprites/doors/door1.png 71.000000 135.000000 692.000000 -362.000000
lab1_d5 sprites/doors/door1.png 69.000000 136.000000 803.000000 -362.000000
lab1_trap sprites/doors/door1.png 65.000000 126.000000 602.000000 513.000000
lab1_d2 sprites/doors/door1.png 71.000000 122.000000 442.000000 285.000000
lab1_d3 sprites/doors/door1.png 80.000000 127.000000 213.000000 513.000000
lab1_d4 sprites/doors/door1.png 66.000000 125.000000 1288.000000 359.000000
lab1_d1 sprites/doors/door1.png 75.000000 151.000000 1240.000000 -261.000000
BOUNDARY
BACKGROUND
sprites/backgrounds/lab1.png