maps/lab1_d2
SPAWNPOINT
649.000000 383.000000
ENVIRONMENT
sprites/environment/floor1.png 1492.000000 76.000000 -28.000000 909.000000
sprites/environment/floor1.png 97.000000 429.000000 -28.000000 519.000000
sprites/environment/floor1.png 452.000000 71.000000 340.000000 523.000000
sprites/environment/floor1.png 230.000000 80.000000 1027.000000 640.000000
sprites/environment/floor1.png 83.000000 573.000000 1456.000000 806.000000
sprites/environment/floor1.png 184.000000 68.000000 1514.000000 1042.000000
sprites/environment/floor1.png 84.000000 210.000000 552.000000 725.000000
sprites/environment/floor1.png 228.000000 99.000000 -28.000000 520.000000
sprites/environment/floor1.png 100.000000 299.000000 734.000000 295.000000
sprites/environment/floor1.png 57.000000 276.000000 340.000000 285.000000
sprites/environment/floor1.png 309.000000 60.000000 1035.000000 1233.000000
sprites/environment/floor1.png 83.000000 308.000000 1036.000000 966.000000
sprites/environment/floor1.png 474.000000 61.000000 355.000000 285.000000
sprites/environment/floor1.png 67.000000 211.000000 1669.000000 1042.000000
sprites/environment/floor1.png 77.000000 275.000000 1036.000000 1287.000000
sprites/environment/floor1.png 761.000000 53.000000 1060.000000 1509.000000
sprites/environment/floor1.png 51.000000 277.000000 1770.000000 1252.000000
sprites/environment/floor1.png 210.000000 46.000000 1611.000000 1250.000000
sprites/environment/floor1.png 92.000000 479.000000 -28.000000 968.000000
sprites/environment/floor1.png 645.000000 58.000000 13.000000 1389.000000
sprites/environment/floor1.png 89.000000 445.000000 363.000000 971.000000
sprites/environment/floor1.png 216.000000 62.000000 176.000000 1157.000000
sprites/environment/floor1.png 59.000000 487.000000 650.000000 960.000000
ENEMIES
1591.000000 1123.000000
280.000000 1262.000000
DOORS
lab2 sprites/doors/door1.png 73.000000 126.000000 1653.000000 1383.000000
lab1_d0 sprites/doors/door1.png 70.000000 140.000000 421.000000 384.000000
lab1_trap sprites/doors/door1.png 71.000000 135.000000 542.000000 388.000000
lab1_d5 sprites/doors/door1.png 69.000000 136.000000 653.000000 388.000000
lab1_trap sprites/doors/door1.png 65.000000 126.000000 452.000000 1263.000000
lab1_d2 sprites/doors/door1.png 71.000000 122.000000 292.000000 1035.000000
lab1_d3 sprites/doors/door1.png 80.000000 127.000000 63.000000 1263.000000
lab1_d4 sprites/doors/door1.png 66.000000 125.000000 1138.000000 1109.000000
lab1_d1 sprites/doors/door1.png 75.000000 151.000000 1090.000000 489.000000
BOUNDARY
BACKGROUND
sprites/backgrounds/lab1.png