maps/lab1
SPAWNPOINT
431.000000 433.000000
ENVIRONMENT
sprites/environment/floor1.png 1492.000000 76.000000 222.000000 559.000000
sprites/environment/floor1.png 97.000000 429.000000 222.000000 169.000000
sprites/environment/floor1.png 452.000000 71.000000 590.000000 173.000000
sprites/environment/floor1.png 230.000000 80.000000 1277.000000 290.000000
sprites/environment/floor1.png 83.000000 573.000000 1706.000000 456.000000
sprites/environment/floor1.png 184.000000 68.000000 1764.000000 692.000000
sprites/environment/floor1.png 84.000000 210.000000 802.000000 375.000000
sprites/environment/floor1.png 228.000000 99.000000 222.000000 170.000000
sprites/environment/floor1.png 100.000000 299.000000 984.000000 -55.000000
sprites/environment/floor1.png 57.000000 276.000000 590.000000 -65.000000
sprites/environment/floor1.png 309.000000 60.000000 1285.000000 883.000000
sprites/environment/floor1.png 83.000000 308.000000 1286.000000 616.000000
sprites/environment/floor1.png 474.000000 61.000000 605.000000 -65.000000
sprites/environment/floor1.png 67.000000 211.000000 1919.000000 692.000000
sprites/environment/floor1.png 77.000000 275.000000 1286.000000 937.000000
sprites/environment/floor1.png 761.000000 53.000000 1310.000000 1159.000000
sprites/environment/floor1.png 51.000000 277.000000 2020.000000 902.000000
sprites/environment/floor1.png 210.000000 46.000000 1861.000000 900.000000
sprites/environment/floor1.png 92.000000 479.000000 222.000000 618.000000
sprites/environment/floor1.png 645.000000 58.000000 263.000000 1039.000000
sprites/environment/floor1.png 89.000000 445.000000 613.000000 621.000000
sprites/environment/floor1.png 216.000000 62.000000 426.000000 807.000000
sprites/environment/floor1.png 59.000000 487.000000 900.000000 610.000000
ENEMIES
1841.000000 773.000000
530.000000 912.000000
DOORS
lab2 sprites/doors/door1.png 73.000000 126.000000 1903.000000 1033.000000
lab1_d0 sprites/doors/door1.png 70.000000 140.000000 671.000000 34.000000
lab1_trap sprites/doors/door1.png 71.000000 135.000000 792.000000 38.000000
lab1_d5 sprites/doors/door1.png 69.000000 136.000000 903.000000 38.000000
lab1_trap sprites/doors/door1.png 65.000000 126.000000 702.000000 913.000000
lab1_d2 sprites/doors/door1.png 71.000000 122.000000 542.000000 685.000000
lab1_d3 sprites/doors/door1.png 80.000000 127.000000 313.000000 913.000000
lab1_d4 sprites/doors/door1.png 66.000000 125.000000 1388.000000 759.000000
lab1_d1 sprites/doors/door1.png 75.000000 151.000000 1340.000000 139.000000
BOUNDARY
BACKGROUND
sprites/backgrounds/lab1.png