maps/lab1_d3
SPAWNPOINT
685.000000 350.000000
ENVIRONMENT
sprites/environment/floor1.png 1492.000000 76.000000 -478.000000 159.000000
sprites/environment/floor1.png 97.000000 429.000000 -478.000000 -231.000000
sprites/environment/floor1.png 452.000000 71.000000 -110.000000 -227.000000
sprites/environment/floor1.png 230.000000 80.000000 577.000000 -110.000000
sprites/environment/floor1.png 83.000000 573.000000 1006.000000 56.000000
sprites/environment/floor1.png 184.000000 68.000000 1064.000000 292.000000
sprites/environment/floor1.png 84.000000 210.000000 102.000000 -25.000000
sprites/environment/floor1.png 228.000000 99.000000 -478.000000 -230.000000
sprites/environment/floor1.png 100.000000 299.000000 284.000000 -455.000000
sprites/environment/floor1.png 57.000000 276.000000 -110.000000 -465.000000
sprites/environment/floor1.png 309.000000 60.000000 585.000000 483.000000
sprites/environment/floor1.png 474.000000 61.000000 -95.000000 -465.000000
sprites/environment/floor1.png 67.000000 211.000000 1219.000000 292.000000
sprites/environment/floor1.png 51.000000 277.000000 1320.000000 502.000000
sprites/environment/floor1.png 210.000000 46.000000 1184.000000 500.000000
sprites/environment/floor1.png 92.000000 479.000000 -478.000000 218.000000
sprites/environment/floor1.png 645.000000 58.000000 -437.000000 639.000000
sprites/environment/floor1.png 89.000000 445.000000 -87.000000 221.000000
sprites/environment/floor1.png 216.000000 62.000000 -274.000000 407.000000
sprites/environment/floor1.png 59.000000 487.000000 200.000000 210.000000
sprites/environment/floor1.png 1013.000000 44.000000 358.000000 759.000000
sprites/environment/floor1.png 68.000000 556.000000 359.000000 210.000000
ENEMIES
1141.000000 373.000000
-170.000000 512.000000
DOORS
lab1_d0 sprites/doors/door1.png 70.000000 140.000000 -29.000000 -366.000000
lab1_trap sprites/doors/door1.png 71.000000 135.000000 92.000000 -362.000000
lab1_d5 sprites/doors/door1.png 69.000000 136.000000 203.000000 -362.000000
lab1_trap sprites/doors/door1.png 65.000000 126.000000 2.000000 513.000000
lab1_d2 sprites/doors/door1.png 71.000000 122.000000 -158.000000 285.000000
lab1_d3 sprites/doors/door1.png 80.000000 127.000000 -387.000000 513.000000
lab1_d4 sprites/doors/door1.png 66.000000 125.000000 688.000000 359.000000
lab1_d1 sprites/doors/door1.png 75.000000 151.000000 640.000000 -261.000000
computerroom sprites/doors/door1.png 78.000000 143.000000 1193.000000 617.000000
BOUNDARY
BACKGROUND
sprites/backgrounds/lab1.png