maps/livvingroom
SPAWNPOINT
290.000000 532.000000
ENVIRONMENT
sprites/environment/floor2.png 1462.000000 101.000000 137.000000 657.000000
sprites/environment/floor2.png 120.000000 640.000000 53.000000 118.000000
sprites/environment/floor2.png 94.000000 516.000000 1545.000000 242.000000
sprites/environment/floor2.png 80.000000 262.000000 779.000000 439.000000
sprites/environment/floor2.png 522.000000 82.000000 1035.000000 325.000000
sprites/environment/floor2.png 270.000000 71.000000 147.000000 232.000000
sprites/environment/floor2.png 104.000000 296.000000 70.000000 -156.000000
sprites/environment/floor2.png 1155.000000 89.000000 121.000000 -155.000000
sprites/environment/floor2.png 96.000000 519.000000 1544.000000 -206.000000
sprites/environment/floor2.png 117.000000 402.000000 715.000000 -526.000000
sprites/environment/floor2.png 884.000000 62.000000 764.000000 -526.000000
sprites/environment/floor2.png 102.000000 297.000000 1545.000000 -483.000000
sprites/environment/floor2.png 212.000000 48.000000 1358.000000 64.000000
sprites/environment/floor2.png 55.000000 238.000000 1034.000000 113.000000
sprites/environment/floor2.png 157.000000 51.000000 1039.000000 111.000000
sprites/environment/floor2.png 28.000000 41.000000 1358.000000 105.000000
sprites/environment/floor2.png 197.000000 46.000000 660.000000 69.000000
sprites/environment/floor2.png 125.000000 47.000000 533.000000 336.000000
ENEMIES
1261.000000 201.000000
1185.000000 529.000000
DOORS
BOUNDARY
BACKGROUND
sprites/backgrounds/livingroom.png
true