maps/lobby
SPAWNPOINT
240.000000 382.000000
ENVIRONMENT
sprites/environment/dirt_top.png 1506.000000 177.000000 105.000000 513.000000
sprites/environment/floor2.png 11.000000 81.000000 648.000000 173.000000
sprites/environment/floor2.png 18.000000 11.000000 635.000000 192.000000
sprites/environment/floor2.png 62.000000 9.000000 623.000000 251.000000
sprites/environment/road.png 57.000000 11.000000 908.000000 175.000000
sprites/environment/road.png 11.000000 25.000000 954.000000 185.000000
sprites/environment/road.png 55.000000 10.000000 910.000000 212.000000
sprites/environment/road.png 51.000000 12.000000 913.000000 239.000000
sprites/environment/dirt.png 73.000000 14.000000 1188.000000 176.000000
sprites/environment/dirt.png 14.000000 67.000000 1247.000000 189.000000
sprites/environment/dirt.png 70.000000 11.000000 1190.000000 252.000000
sprites/environment/dirt.png 56.000000 13.000000 1198.000000 217.000000
sprites/environment/floor1.png 14.000000 53.000000 1461.000000 180.000000
sprites/environment/floor1.png 61.000000 11.000000 1463.000000 229.000000
sprites/environment/floor1.png 12.000000 76.000000 1507.000000 183.000000
sprites/environment/road.png 10.000000 24.000000 912.000000 220.000000
ENEMIES
DOORS
hoyt1 sprites/doors/hoytdoor.png 121.000000 147.000000 601.000000 374.000000
goinghome1 sprites/doors/door1.png 86.000000 149.000000 896.000000 372.000000
lab1 sprites/doors/door1.png 80.000000 150.000000 1457.000000 373.000000
livingroom sprites/doors/door1.png 79.000000 145.000000 1184.000000 374.000000
BOUNDARY
BACKGROUND
sprites/bg_mountains.png
true