maps/stairwell
SPAWNPOINT
390.000000 332.000000
ENVIRONMENT
sprites/environment/dirt.png 1646.000000 220.000000 168.000000 15.000000
sprites/environment/dirt.png 264.000000 394.000000 341.000000 465.000000
sprites/environment/dirt.png 540.000000 363.000000 114.000000 497.000000
sprites/environment/dirt.png 326.000000 134.000000 378.000000 535.000000
sprites/environment/dirt.png 456.000000 200.000000 301.000000 573.000000
sprites/environment/dirt.png 276.000000 210.000000 533.000000 620.000000
sprites/environment/dirt.png 279.000000 202.000000 590.000000 658.000000
sprites/environment/dirt.png 10.000000 27.000000 857.000000 798.000000
sprites/environment/dirt.png 206.000000 165.000000 717.000000 695.000000
sprites/environment/dirt.png 215.000000 128.000000 758.000000 732.000000
sprites/environment/dirt.png 737.000000 676.000000 1456.000000 214.000000
sprites/environment/dirt.png 1724.000000 412.000000 -673.000000 829.000000
sprites/environment/dirt.png 231.000000 553.000000 143.000000 10.000000
sprites/environment/dirt.png 909.000000 1001.000000 -550.000000 25.000000
sprites/environment/dirt.png 884.000000 307.000000 -550.000000 965.000000
sprites/environment/dirt.png 1776.000000 397.000000 -265.000000 -296.000000
sprites/environment/dirt.png 131.000000 68.000000 901.000000 776.000000
sprites/environment/dirt.png 339.000000 92.000000 752.000000 815.000000
sprites/environment/dirt.png 275.000000 79.000000 867.000000 861.000000
sprites/environment/dirt.png 238.000000 165.000000 961.000000 907.000000
sprites/environment/dirt.png 232.000000 68.000000 1031.000000 956.000000
sprites/environment/dirt.png 255.000000 72.000000 1060.000000 1004.000000
sprites/environment/dirt.png 226.000000 75.000000 1146.000000 1051.000000
sprites/environment/dirt.png 233.000000 57.000000 1200.000000 1100.000000
sprites/environment/dirt.png 212.000000 64.000000 1278.000000 1145.000000
sprites/environment/dirt.png 171.000000 55.000000 1379.000000 1196.000000
sprites/environment/dirt.png 1742.000000 593.000000 -200.000000 1228.000000
sprites/environment/dirt.png 298.000000 216.000000 988.000000 1068.000000
sprites/environment/dirt.png 160.000000 94.000000 1250.000000 1156.000000
sprites/environment/dirt.png 157.000000 782.000000 2033.000000 788.000000
sprites/environment/dirt.png 878.000000 583.000000 1452.000000 1236.000000
sprites/environment/dirt.png 1423.000000 760.000000 2064.000000 1047.000000
sprites/environment/dirt.png 1343.000000 701.000000 2151.000000 375.000000
sprites/environment/dirt.png 1359.000000 246.000000 2142.000000 197.000000
sprites/environment/dirt.png 510.000000 187.000000 807.000000 140.000000
sprites/environment/dirt.png 504.000000 208.000000 1072.000000 256.000000
sprites/environment/dirt.png 421.000000 170.000000 1271.000000 408.000000
sprites/environment/dirt.png 360.000000 140.000000 1233.000000 166.000000
sprites/environment/dirt.png 179.000000 248.000000 1377.000000 510.000000
sprites/environment/dirt.png 179.000000 340.000000 1341.000000 294.000000
sprites/environment/dirt.png 302.000000 206.000000 1150.000000 310.000000
sprites/environment/dirt.png 362.000000 127.000000 908.000000 277.000000
ENEMIES
DOORS
lobby sprites/doors/door1.png 83.000000 137.000000 1836.000000 1099.000000
BOUNDARY
BACKGROUND
sprites/backgrounds/basement.png
true