maps/victory
SPAWNPOINT
239.000000 478.000000
ENVIRONMENT
sprites/environment/dirt_top.png 1456.000000 155.000000 41.000000 604.000000
sprites/environment/dirt.png 49.000000 43.000000 1129.000000 347.000000
ENEMIES
269.000000 169.000000
276.000000 177.000000
278.000000 185.000000
288.000000 194.000000
298.000000 207.000000
303.000000 214.000000
314.000000 229.000000
326.000000 248.000000
337.000000 228.000000
351.000000 216.000000
358.000000 206.000000
368.000000 196.000000
375.000000 188.000000
383.000000 206.000000
393.000000 218.000000
400.000000 234.000000
409.000000 246.000000
414.000000 250.000000
441.000000 211.000000
447.000000 205.000000
461.000000 189.000000
466.000000 185.000000
473.000000 178.000000
478.000000 173.000000
634.000000 173.000000
634.000000 184.000000
635.000000 200.000000
636.000000 213.000000
637.000000 228.000000
638.000000 242.000000
638.000000 259.000000
638.000000 261.000000
798.000000 173.000000
798.000000 185.000000
803.000000 206.000000
803.000000 212.000000
803.000000 234.000000
803.000000 244.000000
802.000000 260.000000
803.000000 263.000000
808.000000 174.000000
830.000000 191.000000
840.000000 202.000000
856.000000 215.000000
868.000000 226.000000
889.000000 240.000000
906.000000 253.000000
916.000000 259.000000
923.000000 260.000000
925.000000 242.000000
925.000000 230.000000
923.000000 211.000000
924.000000 200.000000
924.000000 188.000000
924.000000 176.000000
924.000000 171.000000
1110.000000 167.000000
1111.000000 191.000000
1110.000000 203.000000
DOORS
lobby sprites/doors/door1.png 71.000000 120.000000 1312.000000 491.000000
BOUNDARY
BACKGROUND
sprites/backgrounds/bg_mountains.png